12345678901 À¼ì¿³¿ 0 12345678901234567X 123456 2 99 98 12
19650515387 ¸µèª´º 0 150201197904158583 123456 1 51 32 73
13220116238 ºî¸Õ 0 220201198610109869 123456 1 12 1 40
19825548674 ´÷Ã÷ 1 210201199802285624 123456 4 98 5 61
14986561903 ºî¼Îâù 1 230101198106137621 123456 2 63 66 65
19577040869 ºúÑÅº­ 0 500201198912261329 123456 6 80 34 1
19930790090 º«¼Ñç÷ 0 540201198208234308 123456 5 30 10 49
15925994121 ³ÌÁè¾§ 1 230201197510159102 123456 3 58 55 45
13637021152 À×íµ 1 150201197810133086 123456 3 28 94 17
15674361142 ÂÞÎ°Ñó 1 530101197502257058 123456 4 39 20 86
13054197377 Â¬ÓêÔó 0 520101199208216965 123456 2 31 34 86
18223346518 Ðí»Û¼Î 1 620201198210137005 123456 2 15 58 17
17880003559 ºÂÐãÀ¼ 1 340101197903246426 123456 5 53 27 81
14917989841 ÇØ×ÏÐù 0 130101199610055765 123456 2 65 63 46
15591481482 ÅËÃÈÃÈ 1 360201198208228107 123456 3 18 56 31
17685926944 ÇÇÑÅêÏ 1 640201198605136465 123456 3 85 21 77
18244534742 ÌÀ¼Ñâù 0 140201197609256277 123456 3 13 93 15
18352775203 À×¼ÑÓñ 1 130101199905227894 123456 4 16 83 38
14983249056 ·¶¾§Ó¨ 1 440101200010232922 123456 4 84 79 99
17699013971 ¸µÊç»ª 1 630101197802252535 123456 6 49 13 18
19925464650 ÔøÌìºÕ 1 530101198305114896 123456 1 55 91 91
18414378300 ³£èªÀ¥ 0 520201197303238616 123456 1 76 18 78
15742351677 ÌÆ¼ÑîÚ 1 530201197406221595 123456 1 56 28 60
13156419979 ÉÛÏþÇì 0 430101198103016573 123456 1 7 35 33
18121298913 ×ÞÒæ³½ 1 210101197607283311 123456 5 5 48 67
15299979869 ÏôÈóÉ¯ 1 220201198410276996 123456 3 42 48 75
17354642123 °×èª´º 0 130101198806018224 123456 3 51 2 31
18318881761 ÉòÎ° 0 370101198209145289 123456 2 48 71 33
13046319505 ¿×ÒæÈ½ 1 110101199703304093 123456 5 31 64 66
14741457075 Ç®Ç¿ 0 310201197407195682 123456 3 41 40 32
19359734732 ¹Ë³¬ 1 410201197608095155 123456 4 32 60 70
13344488920 Ì·Ñó 0 350201199004286930 123456 2 15 23 82
19974912016 Ê¯ÐÀÈê 0 460101199711202417 123456 5 65 5 45
18331064356 ²ÜÇååû 1 500101197906229111 123456 2 53 81 32
18123525965 Ê·ÈóÀö 0 22020119861221147X 123456 5 94 65 43
18268058401 ÓàÒæÈ½ 0 540201199610155020 123456 4 64 21 5
17679228180 ¼Ö¹úÏÍ 0 110101198905233380 123456 2 60 48 68
17335874533 À×¼ÎÀÖ 1 500101198108015594 123456 5 16 73 73
13190628724 Îâ¾ê 1 620101199805315017 123456 2 96 33 49
13171207425 ÌÆ¾ü 1 630101199905176896 123456 3 69 49 88
18167216628 ½ðÃ÷ 0 460201200005316995 123456 4 25 0 68
15721343773 ÂÀÏþÇì 0 460101198110217053 123456 3 31 69 34
13340488131 ¸µÔóÔ¶ 0 450101199310245289 123456 6 53 41 15
15043585359 ÁúÃÀÐÀ 1 360101199910158371 123456 3 75 12 54
15720622707 Ò¦ÒæÈ½ 1 410201197907237125 123456 3 25 74 41
15829847633 Áú«h°Á 1 430201198306174809 123456 1 86 68 3
15759032333 Ì·ÒËºÀ 0 230101198710189073 123456 1 88 64 24
15510974271 ¶Î¼ÑÐÀ 1 52010120030206844X 123456 4 23 57 92
13623940517 ÕÅ·ò×Ó 0 230101200002156537 123456 4 72 29 61
17735627131 ¶­³¿ÌÎ 0 52010120040119365X 123456 2 22 63 52
15947171430 Ö£Ìí³Ø 1 530101199709154741 123456 5 5 70 27